dataset_name: 'self_collected'
camera_params:
  image_height: 360
  image_width: 640
  fx: 372.4634094238281
  fy: 371.5072021484375
  cx: 315.9902073557914
  cy: 254.59437002701452
  png_depth_scale: 1000.0 #for depth image in png format
  crop_edge: 0