dataset_name: 'self_collected'
camera_params:
  image_height: 720
  image_width: 1280
  fx: 610.6340942382812
  fy: 610.8860473632812
  cx: 635.8567504882812
  cy: 355.1409912109375
  png_depth_scale: 1000.0 #for depth image in png format
  crop_edge: 0